-47.084872294372296, -47.292752525252524, 17.87826588279599
-45.032954333519044, -47.30917576779368, 17.395772413169617
-43.06035226388677, -46.73982135578303, 18.352070264831244
-41.27350774784638, -45.72303150589245, 19.88025967893816
-39.68533862418784, -44.4145306893135, 21.763313461755
-38.26671105766493, -42.922720004361786, 23.787303542672632
-36.98267217789743, -41.31307206071033, 25.410140090531524
-35.80688486524653, -39.62245745951189, 26.98191288128216
-34.71776905013254, -37.8746376122795, 28.468175751621967
-33.69847031490663, -36.085136376268636, 29.51173966621977
-32.737499958917184, -34.263599369492056, 30.793609717011744
-31.824528801243623, -32.417507559424884, 31.66525192349818
-30.95314829623682, -30.55140508282457, 32.45486818761794
-30.116425350964683, -28.6694997424485, 33.15885336322131
-29.30938053793599, -26.774670220632043, 33.774293095541694
-28.527843953446475, -24.869172034175886, 34.29881922383206
-27.76821863775674, -22.954828926944025, 34.73050039009082
-27.02736304108651, -21.033140484539473, 35.06775888951173
-26.302493624175266, -19.105362438285955, 33.772530858673456
-25.591103005301097, -17.172567729424006, 32.039438427845816
-24.89088971958717, -15.235694066891401, 30.207073760487308
-24.19969619909465, -13.295582147626556, 28.2561309260474
-23.51549187459615, -11.352993692586963, 26.160094190615496
-22.83616598591636, -9.408693457096218, 23.88078934267512
-22.159651265987613, -7.463413017919399, 21.35962679016239
-21.483826401206915, -5.517892722573153, 18.49797852137863
-20.806435136943996, -3.5729174552161194, 15.103535091135294
-20.125013408111712, -1.6293511259484208, 10.679810995869355
-19.436801587301595, 0.31182034632032624, 0.000001086454608065556
-19.436801587301588, 0.31182034632034633, 0
-12.710073647338467, 19.1466585782171, 0
endData
27.69
42.61
50
-47.084872294372296, -47.292752525252524, -35.23569913419913, -49.1636746031746, -26.712609668109668, -20.06044227994228, -19.436801587301588, 0.31182034632034633
